
#ms low ses 22e23
c1_ms_low_ses <- c(1, 1, 1, 2, 1, 1, 1, 1, 2, 1, 1, 1, 1, 2, 1, 2, 1, 1, 2, 1, 1, 1, 1, 1, 3, 1, 2, 2, 3, 1, 1, 1, 1, 3, 1, 3, 3, 1, 1, 1, 2, 1, 1, 1, 3, 2, 2, 2, 1, 2, 1, 1, 1, 1, 1, 2, 1, 2, 1, 1, 3, 1, 2, 1, 2, 1, 1)
c2_ms_low_ses <- c(3, 2, 2, 3, 2, 2, 2, 2, 2, 2, 2, 2, 2, 2, 2, 3, 2, 1, 2, 2, 2, 2, 3, 2, 3, 2, 2, 2, 2, 2, 2, 2, 2, 3, 2, 2, 2, 2, 2, 3, 3, 3, 3, 2, 1, 3, 2, 2, 3, 2, 3, 2, 3, 2, 2, 3, 2, 2, 2, 2, 3, 2, 3, 2, 3, 2, 2)
c3_ms_low_ses <- c(3, 3, 3, 3, 3, 3, 3, 3, 3, 2, 3, 3, 3, 3, 3, 3, 3, 3, 3, 3, 3, 3, 3, 3, 3, 3, 3, 3, 3, 3, 3, 3, 2, 3, 3, 3, 3, 3, 3, 3, 3, 3, 3, 3, 2, 3, 3, 3, 3, 3, 3, 3, 3, 3, 3, 3, 3, 3, 3, 3, 3, 3, 3, 3, 3, 3, 3)
c4_ms_low_ses <- c(2, 2, 2, 2, 2, 2, 2, 3, 2, 2, 2, 2, 2, 2, 2, 2, 2, 2, 2, 2, 2, 2, 2, 2, 2, 2, 2, 2, 2, 2, 2, 2, 2, 2, 2, 2, 2, 2, 2, 2, 2, 3, 2, 2, 2, 2, 2, 2, 2, 2, 2, 2, 2, 2, 2, 2, 2, 2, 2, 2, 2, 2, 2, 2, 2, 2, 2)
c5_ms_low_ses <- c(3, 3, 3, 3, 3, 3, 1, 3, 3, 3, 3, 3, 1, 3, 3, 3, 1, 3, 3, 3, 3, 1, 3, 3, 3, 3, 3, 3, 3, 3, 3, 3, 3, 3, 3, 3, 3, 3, 3, 3, 3, 1, 3, 3, 3, 3, 3, 3, 3, 3, 3, 3, 3, 3, 3, 3, 3, 3, 3, 1, 1, 3, 3, 3)
c6_ms_low_ses <- c(3, 3, 3, 3, 3, 3, 1, 3, 3, 3, 3, 3, 3, 1, 3, 3, 1, 3, 3, 3, 3, 1, 3, 3, 3, 3, 3, 3, 3, 3, 3, 1, 3, 3, 3, 1, 3, 3, 3, 3, 3, 3, 3, 3, 3, 3, 3, 3, 3, 3, 1, 3, 3, 3, 3, 3, 3, 3, 3, 3, 3, 3, 3, 3)
c7_ms_low_ses <- c(2, 3, 2, 1, 1, 2, 1, 3, 3, 2, 1, 1, 3, 1, 3, 1, 1, 2, 2, 3, 1, 2, 3, 2, 3, 3, 3, 1, 2, 1, 1, 3, 1, 3, 2, 1, 1, 3, 1, 3, 1, 1, 1, 3, 3, 3, 1, 2, 1, 1, 1, 2, 3, 3, 1, 3, 1, 2, 1, 2, 3, 1, 1)
c8_ms_low_ses <- c(3, 3, 1, 3, 3, 3, 1, 3, 3, 3, 3, 3, 3, 3, 3, 3, 3, 3, 3, 3, 1, 3, 3, 3, 3, 3, 3, 3, 3, 3, 1, 3, 3, 3, 1, 3, 3, 3, 3, 3, 3, 3, 3, 3, 3, 3, 3, 1, 3, 1, 3, 3, 3, 3, 3, 3, 3, 1, 3, 3, 3, 3, 3)
c9_ms_low_ses <- c(2, 1, 2, 2, 3, 2, 1, 1, 1, 2, 3, 1, 3, 3, 3, 2, 1, 3, 3, 2, 1, 3, 2, 2, 3, 2, 3, 2, 2, 1, 2, 2, 2, 1, 2, 2, 2, 3, 3, 3, 3, 3, 2, 1, 2, 2, 3, 2, 2, 3, 1, 3, 2, 2, 3, 1, 3, 3)
c10_ms_low_ses <- c(2, 2, 3, 3, 2, 2, 3, 2, 2, 2, 3, 1, 3, 3, 2, 2, 2, 3, 2, 3, 2, 2, 1, 1, 3, 1, 3, 2, 2, 2, 3, 2, 2, 1, 2, 2, 2, 2, 2, 3, 3, 2, 1, 1, 2, 2, 2, 1, 3, 2, 3, 1, 2, 3, 2, 2, 2)
c11_ms_low_ses <- c(1, 3, 3, 1, 1, 3, 1, 3, 3, 3, 3, 3, 1, 3, 1, 1, 3, 3, 3, 3, 3, 3, 1, 3, 3, 1, 3, 3, 1, 1, 3, 3, 3, 3, 3, 1, 1, 3, 3, 3, 3, 1, 1, 1, 3, 3, 1, 3, 3, 3, 3, 1, 1, 3, 1, 1, 1)
c12_ms_low_ses <- c(3, 3, 3, 3, 3, 1, 1, 3, 1, 1, 3, 1, 3, 3, 1, 3, 3, 3, 3, 3, 3, 3, 3, 1, 3, 1, 3, 1, 3, 3, 1, 3, 3, 1, 3, 3, 3, 3, 3, 3, 3, 1, 1, 1, 3, 1, 3, 1, 3, 3, 3, 3, 3, 1, 3, 3, 3)

for (i in 1:12) {
  vetor_nome <- paste0("c", i, "_ms_low_ses")
  tamanho <- length(get(vetor_nome))
  cat("O tamanho de", vetor_nome, "é", tamanho, "\n")
}

#tira os zeros
for (i in 1:12) {
  # Cria o nome do vetor
  vetor_nome <- paste0("c", i, "_ms_low_ses")
  # Obtém o vetor
  vetor_atual <- get(vetor_nome)
  # Filtra para remover os zeros
  vetor_atual <- vetor_atual[vetor_atual != 0]
  # Atribui o vetor filtrado de volta ŕ variável
  assign(vetor_nome, vetor_atual)
  # Imprime o tamanho do vetor atualizado
  tamanho <- length(vetor_atual)
  cat("O tamanho de", vetor_nome, "após remover os zeros é", tamanho, "\n")
}

for (i in 1:12) {
  vetor_nome <- paste0("c", i, "_ms_low_ses")
  tamanho <- length(get(vetor_nome))
  cat("O tamanho de", vetor_nome, "é", tamanho, "\n")
}

#hs low ses 22e23
c1_hs_low_ses <- c(3, 1, 1, 2, 2, 2, 1, 1, 1, 2, 1, 3, 1, 1, 1, 2, 2, 1, 1, 1, 1, 2, 3, 3, 3, 3, 1, 1, 1, 3, 3, 1, 2, 2, 3, 1, 3, 3, 3, 2, 2, 1, 2, 1, 3, 1, 1, 1, 3, 2, 2, 2, 3, 2, 2, 2, 1, 3, 3, 1, 3, 3, 1, 1, 1, 1, 1)
c2_hs_low_ses <- c(3, 2, 2, 2, 2, 2, 1, 2, 2, 2, 2, 3, 2, 3, 2, 2, 2, 2, 1, 2, 3, 2, 2, 1, 1, 3, 2, 2, 2, 3, 3, 3, 2, 2, 3, 2, 3, 1, 3, 3, 2, 2, 2, 2, 2, 3, 3, 2, 3, 2, 2, 2, 2, 2, 2, 2, 2, 3, 3, 3, 2, 3, 2, 2, 3, 2, 3)
c3_hs_low_ses <- c(3, 3, 3, 2, 3, 3, 3, 3, 2, 3, 3, 3, 3, 3, 3, 3, 3, 3, 3, 2, 3, 3, 3, 3, 2, 2, 3, 2, 3, 2, 3, 3, 3, 3, 3, 3, 3, 3, 2, 3, 3, 3, 2, 3, 3, 3, 3, 3, 3, 3, 3, 3, 3, 3, 3, 3, 3, 3, 3, 3, 3, 3, 3, 3, 3, 3, 3)
c4_hs_low_ses <- c(2, 2, 2, 2, 2, 2, 2, 2, 2, 3, 2, 2, 2, 2, 2, 2, 2, 2, 2, 2, 2, 2, 2, 2, 2, 2, 2, 2, 2, 2, 2, 2, 2, 2, 2, 2, 2, 3, 2, 2, 2, 2, 2, 2, 2, 2, 2, 2, 2, 2, 2, 2, 2, 2, 2, 2, 2, 2, 2, 2, 2, 2, 2, 2, 2, 2, 2)
c5_hs_low_ses <- c(3, 3, 3, 3, 3, 3, 3, 3, 3, 3, 3, 3, 3, 1, 3, 3, 3, 3, 3, 3, 3, 3, 3, 3, 3, 3, 1, 3, 3, 1, 3, 3, 3, 3, 3, 3, 3, 3, 3, 1, 3, 3, 3, 3, 3, 3, 3, 3, 3, 3, 3, 3, 3, 3, 3, 3, 3, 3, 3, 3, 3, 3)
c6_hs_low_ses <- c(1, 3, 3, 3, 3, 3, 3, 3, 3, 1, 3, 3, 1, 3, 3, 3, 3, 3, 3, 1, 3, 3, 3, 3, 3, 3, 3, 3, 3, 1, 3, 1, 3, 3, 3, 3, 3, 3, 3, 3, 3, 3, 1, 3, 3, 3, 3, 3, 3, 3, 3, 1, 3, 3, 3, 3, 3, 3, 3, 3, 3, 3)
c7_hs_low_ses <- c(1, 2, 1, 3, 1, 2, 1, 1, 1, 1, 1, 1, 1, 3, 1, 3, 1, 3, 1, 1, 1, 2, 1, 2, 1, 1, 2, 1, 2, 3, 1, 2, 2, 1, 3, 1, 1, 1, 1, 3, 1, 2, 1, 3, 2, 3, 3, 1, 1, 3, 1, 1, 1, 1, 2, 2, 3, 1, 3)
c8_hs_low_ses <- c(3, 3, 3, 3, 3, 1, 3, 3, 1, 3, 3, 3, 3, 3, 3, 3, 3, 3, 3, 3, 3, 1, 3, 3, 3, 3, 3, 1, 1, 3, 3, 3, 3, 3, 3, 3, 3, 3, 3, 3, 3, 3, 3, 3, 3, 3, 3, 3, 3, 3, 3, 3, 3, 3, 1, 3, 3, 3, 3)
c9_hs_low_ses <- c(1, 1, 2, 2, 2, 2, 1, 2, 2, 2, 3, 1, 1, 1, 1, 2, 3, 3, 3, 2, 3, 1, 2, 2, 1, 2, 3, 2, 2, 3, 3, 2, 3, 2, 2, 3, 2, 1, 1, 2, 2, 2, 2, 2, 2, 1, 3, 3, 3, 3, 3, 2, 1, 3, 3, 3, 2, 2, 1)
c10_hs_low_ses <- c(2, 2, 3, 3, 3, 2, 1, 2, 3, 3, 2, 2, 2, 3, 2, 2, 2, 2, 3, 3, 2, 2, 2, 1, 1, 2, 2, 2, 2, 3, 3, 2, 3, 2, 2, 2, 2, 3, 3, 3, 2, 2, 2, 2, 3, 2, 2, 2, 2, 3, 3, 2, 2, 3, 3, 2, 3, 3, 2, 1, 2)
c11_hs_low_ses <- c(3, 1, 3, 3, 3, 3, 3, 3, 1, 3, 3, 1, 1, 3, 1, 3, 3, 3, 3, 3, 1, 1, 3, 3, 3, 1, 3, 1, 3, 3, 1, 1, 3, 1, 3, 1, 3, 3, 3, 3, 1, 1, 1, 1, 3, 1, 3, 3, 3, 3, 1, 3, 3, 3, 3, 1, 3, 3, 1, 3, 3)
