
#todos_low_ses_22e23
c1_todos_low_ses <- c(3, 1, 1, 1, 2, 2, 1, 1, 2, 1, 1, 1, 2, 1, 1, 1, 1, 2, 2, 1, 1, 1, 1, 1, 3, 1, 2, 1, 2, 1, 1, 0, 1, 2, 1, 1, 1, 1, 2, 2, 1, 1, 3, 1, 2, 2, 3, 1, 1, 1, 1, 3, 1, 1, 1, 1, 3, 3, 1, 1, 1, 1, 2, 1, 2, 3, 1, 1, 3, 3, 3, 3, 1, 1, 2, 1, 3, 3, 1, 2, 2, 2, 3, 1, 3, 3, 3, 2, 2, 1, 2, 1, 2, 1, 2, 3, 1, 1, 1, 1, 1, 1, 1, 2, 1, 2, 1, 3, 2, 1, 1, 2, 2, 3, 1, 2, 3, 2, 1, 2, 2, 2, 1, 3, 3, 1, 3, 3, 1, 1, 1, 1, 1, 1, 1)
c2_todos_low_ses <- c(3, 2, 2, 3, 2, 2, 2, 2, 3, 2, 2, 2, 2, 1, 2, 2, 2, 2, 2, 2, 2, 2, 2, 2, 3, 2, 2, 2, 3, 3, 2, 0, 1, 2, 2, 2, 2, 2, 2, 2, 3, 2, 3, 2, 2, 2, 2, 2, 2, 2, 2, 3, 2, 2, 1, 2, 2, 2, 3, 2, 2, 3, 3, 3, 2, 2, 3, 2, 1, 1, 3, 1, 2, 2, 3, 2, 3, 3, 3, 2, 2, 2, 3, 2, 3, 1, 3, 3, 2, 2, 2, 2, 2, 3, 2, 2, 3, 3, 2, 3, 3, 2, 2, 3, 2, 2, 2, 3, 2, 2, 2, 2, 2, 3, 2, 3, 2, 2, 2, 2, 3, 2, 2, 3, 3, 3, 2, 3, 2, 2, 2, 3, 2, 2, 3)
c3_todos_low_ses <- c(3, 3, 3, 3, 2, 3, 3, 3, 3, 3, 3, 3, 3, 3, 3, 3, 2, 3, 3, 3, 2, 3, 3, 3, 3, 3, 3, 3, 3, 3, 3, 0, 3, 3, 3, 3, 3, 3, 3, 3, 3, 3, 3, 3, 3, 3, 3, 3, 3, 3, 2, 3, 3, 3, 3, 2, 3, 3, 3, 3, 3, 3, 3, 3, 3, 3, 3, 3, 3, 2, 2, 2, 3, 2, 3, 3, 2, 3, 3, 3, 3, 3, 3, 3, 3, 3, 2, 3, 3, 3, 2, 3, 3, 3, 3, 3, 3, 3, 3, 3, 3, 3, 3, 3, 3, 3, 3, 3, 3, 3, 3, 3, 3, 3, 3, 3, 3, 3, 3, 3, 3, 3, 3, 3, 3, 3, 3, 3, 3, 3, 3, 3, 3, 3, 3)
c4_todos_low_ses <- c(2, 2, 2, 2, 2, 2, 2, 2, 2, 2, 2, 2, 2, 2, 3, 2, 2, 2, 3, 2, 2, 2, 2, 2, 2, 2, 2, 2, 2, 2, 2, 0, 2, 2, 2, 2, 2, 2, 2, 2, 2, 2, 2, 2, 2, 2, 2, 2, 2, 2, 2, 2, 2, 2, 2, 2, 2, 2, 2, 2, 2, 2, 2, 3, 2, 2, 2, 2, 2, 2, 2, 2, 2, 2, 2, 2, 2, 2, 2, 2, 2, 2, 2, 2, 2, 3, 2, 2, 2, 2, 2, 2, 2, 2, 2, 2, 2, 2, 2, 2, 2, 2, 2, 2, 2, 2, 2, 2, 2, 2, 2, 2, 2, 2, 2, 2, 2, 2, 2, 2, 2, 2, 2, 2, 2, 2, 2, 2, 2, 2, 2, 2, 2, 2, 2)
c5_todos_low_ses <- c(3, 3, 3, 3, 3, 3, 3, 0, 3, 3, 3, 3, 3, 3, 1, 3, 3, 3, 3, 3, 3, 3, 3, 3, 3, 3, 1, 3, 3, 1, 3, 1, 3, 3, 3, 3, 0, 3, 3, 3, 1, 3, 3, 3, 3, 3, 3, 3, 3, 3, 3, 3, 3, 3, 0, 0, 0, 0, 3, 3, 3, 3, 3, 3, 3, 3, 3, 3, 3, 3, 3, 1, 3, 3, 3, 1, 3, 3, 3, 1, 3, 3, 3, 3, 3, 3, 3, 3, 3, 1, 3, 3, 3, 3, 3, 3, 3, 3, 3, 3, 3, 3, 3, 3, 3, 3, 3, 3, 3, 3, 3, 3, 3, 1, 3, 0, 1, 3, 3, 3, 3, 3, 3, 3, 3, 3, 3, 3, 3, 3, 3, 3, 3)
c6_todos_low_ses <- c(1, 3, 3, 3, 3, 3, 3, 0, 3, 3, 3, 3, 3, 3, 1, 3, 3, 3, 1, 3, 3, 3, 3, 3, 3, 1, 3, 1, 3, 3, 3, 1, 3, 3, 3, 3, 0, 3, 3, 3, 1, 3, 3, 3, 3, 3, 3, 3, 3, 3, 1, 3, 3, 3, 0, 0, 0, 0, 3, 3, 1, 3, 3, 3, 1, 3, 3, 3, 3, 3, 3, 3, 3, 3, 3, 3, 3, 3, 3, 1, 3, 1, 3, 3, 3, 3, 3, 3, 3, 3, 3, 3, 3, 3, 3, 3, 3, 3, 1, 1, 3, 3, 3, 3, 3, 3, 3, 3, 3, 3, 3, 3, 3, 3, 3, 0, 3, 3, 3, 3, 1, 3, 3, 3, 3, 3, 3, 3, 3, 3, 3, 3, 3)
c7_todos_low_ses <- c(0, 1, 2, 2, 1, 3, 3, 0, 2, 1, 1, 2, 1, 2, 1, 1, 1, 3, 1, 1, 3, 2, 1, 1, 1, 1, 3, 1, 3, 1, 1, 1, 2, 2, 0, 3, 0, 3, 1, 3, 1, 2, 3, 2, 3, 3, 3, 1, 2, 1, 1, 3, 1, 0, 0, 0, 0, 0, 1, 3, 2, 1, 1, 3, 3, 1, 1, 3, 1, 1, 1, 2, 1, 1, 2, 1, 1, 2, 1, 1, 2, 3, 1, 2, 2, 1, 3, 1, 1, 1, 3, 3, 3, 1, 1, 3, 2, 1, 1, 1, 1, 2, 3, 3, 2, 1, 3, 1, 3, 2, 3, 1, 2, 1, 3, 0, 2, 1, 3, 1, 0, 3, 1, 1, 1, 1, 2, 1, 2, 3, 1, 1, 3)
c8_todos_low_ses <- c(0, 3, 3, 3, 3, 3, 3, 0, 1, 3, 3, 3, 3, 1, 1, 3, 3, 3, 1, 3, 3, 3, 3, 3, 3, 3, 3, 3, 3, 3, 3, 3, 3, 3, 0, 3, 0, 3, 3, 3, 1, 3, 3, 3, 3, 3, 3, 3, 3, 3, 1, 3, 3, 0, 0, 0, 0, 0, 3, 3, 1, 3, 3, 3, 3, 3, 3, 3, 3, 3, 3, 1, 3, 3, 3, 3, 3, 3, 3, 1, 1, 3, 3, 3, 3, 3, 3, 3, 3, 3, 3, 3, 3, 3, 3, 3, 1, 3, 3, 1, 3, 3, 3, 3, 3, 3, 3, 3, 3, 3, 3, 3, 1, 3, 3, 0, 3, 3, 3, 3, 0, 3, 3, 3, 3, 3, 1, 3, 3, 3, 3, 3, 3)
c9_todos_low_ses <- c(0, 1, 1, 2, 0, 0, 1, 0, 2, 2, 3, 2, 2, 2, 1, 2, 2, 1, 1, 2, 1, 2, 3, 1, 2, 2, 3, 3, 3, 3, 2, 0, 1, 3, 0, 3, 0, 1, 1, 1, 0, 0, 2, 1, 3, 0, 0, 2, 2, 3, 2, 3, 2, 0, 0, 0, 2, 0, 1, 1, 2, 2, 2, 1, 2, 3, 2, 2, 3, 3, 2, 2, 3, 3, 1, 2, 2, 1, 0, 2, 3, 2, 2, 3, 3, 2, 3, 2, 2, 3, 2, 3, 3, 3, 1, 3, 1, 2, 1, 2, 2, 2, 3, 2, 2, 2, 2, 2, 3, 1, 2, 2, 3, 2, 2, 1, 0, 3, 3, 1, 3, 3, 3, 3, 2, 1, 3, 3, 3, 3, 2, 2, 3, 1)
c10_todos_low_ses <- c(2, 2, 3, 2, 3, 3, 2, 0, 3, 3, 2, 2, 2, 1, 3, 2, 3, 2, 3, 2, 2, 2, 3, 1, 2, 2, 0, 3, 3, 3, 2, 2, 2, 3, 0, 2, 0, 2, 2, 2, 3, 0, 0, 2, 2, 0, 0, 1, 1, 3, 1, 3, 2, 0, 0, 0, 2, 0, 2, 2, 3, 0, 2, 2, 3, 3, 1, 2, 2, 2, 2, 2, 1, 2, 1, 2, 2, 2, 0, 2, 3, 3, 2, 3, 2, 2, 2, 2, 3, 3, 3, 2, 2, 3, 2, 3, 2, 2, 1, 0, 1, 2, 2, 2, 1, 2, 2, 3, 3, 2, 2, 2, 3, 1, 2, 2, 0, 3, 2, 2, 3, 3, 2, 2, 3, 3, 2, 3, 2, 3, 2, 1, 2, 2)
c11_todos_low_ses <- c(3, 1, 3, 1, 3, 3, 3, 0, 3, 1, 1, 3, 3, 3, 1, 3, 1, 3, 3, 3, 3, 3, 3, 3, 1, 1, 0, 1, 3, 3, 1, 1, 3, 3, 0, 3, 0, 1, 3, 3, 3, 0, 0, 3, 3, 0, 0, 1, 3, 3, 1, 3, 3, 0, 0, 0, 1, 0, 3, 1, 3, 0, 3, 3, 3, 3, 3, 3, 1, 1, 1, 3, 3, 1, 3, 1, 3, 1, 0, 3, 3, 1, 1, 3, 1, 3, 1, 3, 3, 3, 3, 3, 3, 3, 1, 3, 1, 1, 1, 0, 1, 3, 3, 1, 3, 1, 1, 3, 3, 3, 1, 3, 3, 1, 1, 3, 0, 3, 3, 1, 3, 1, 3, 3, 3, 3, 1, 3, 1, 3, 1, 3, 1, 3)
c12_todos_low_ses <- c(1, 3, 3, 3, 3, 1, 3, 0, 3, 3, 3, 1, 1, 3, 1, 3, 1, 3, 3, 1, 1, 1, 3, 1, 3, 1, 0, 3, 3, 3, 1, 3, 3, 3, 0, 3, 0, 3, 3, 3, 3, 0, 0, 3, 3, 0, 0, 3, 1, 3, 1, 3, 1, 0, 0, 0, 3, 0, 1, 3, 1, 0, 3, 3, 3, 3, 1, 3, 3, 3, 3, 3, 3, 3, 1, 1, 1, 3, 0, 3, 1, 1, 3, 3, 3, 1, 1, 3, 3, 3, 3, 3, 3, 3, 3, 3, 3, 1, 1, 0, 1, 3, 1, 3, 1, 3, 3, 3, 3, 3, 3, 3, 3, 3, 3, 3, 0, 1, 1, 3, 3, 3, 3, 3, 3, 3, 3, 3, 3, 1, 1, 3, 3, 3)

for (i in 1:12) {
  vetor_nome <- paste0("c", i, "_todos_low_ses")
  tamanho <- length(get(vetor_nome))
  cat("O tamanho de", vetor_nome, "é", tamanho, "\n")
}

#tira os zeros
for (i in 1:12) {
  # Cria o nome do vetor
  vetor_nome <- paste0("c", i, "_todos_low_ses")
  # Obtém o vetor
  vetor_atual <- get(vetor_nome)
  # Filtra para remover os zeros
  vetor_atual <- vetor_atual[vetor_atual != 0]
  # Atribui o vetor filtrado de volta à variável
  assign(vetor_nome, vetor_atual)
  # Imprime o tamanho do vetor atualizado
  tamanho <- length(vetor_atual)
  cat("O tamanho de", vetor_nome, "após remover os zeros é", tamanho, "\n")
}

for (i in 1:12) {
  vetor_nome <- paste0("c", i, "_todos_low_ses")
  tamanho <- length(get(vetor_nome))
  cat("O tamanho de", vetor_nome, "é", tamanho, "\n")
}

#todos geral
c1_todos_geral <- c(3, 0, 3, 3, 3, 1, 1, 3, 3, 0, 0, 1, 1, 1, 0, 1, 3, 0, 0, 1, 0, 2, 2, 2, 0, 2, 0, 3, 3, 3, 3, 2, 1, 0, 1, 3, 0, 1, 1, 1, 3, 3, 0, 2, 3, 1, 3, 0, 3, 1, 3, 1, 0, 1, 2, 2, 3, 0, 3, 2, 3, 3, 2, 1, 1, 1, 2, 1, 3, 1, 3, 2, 3, 2, 3, 3, 3)
c2_todos_geral <- c(3, 0, 3, 2, 3, 2, 2, 3, 3, 0, 0, 2, 2, 3, 0, 3, 2, 0, 0, 2, 0, 3, 2, 2, 0, 2, 0, 3, 3, 3, 3, 3, 2, 0, 3, 3, 0, 2, 2, 2, 2, 3, 0, 2, 3, 3, 3, 0, 3, 3, 3, 1, 0, 3, 2, 3, 3, 0, 3, 3, 3, 3, 3, 3, 2, 2, 2, 2, 3, 2, 3, 2, 3, 3, 3, 3, 3)
c3_todos_geral <- c(3, 0, 3, 3, 3, 3, 3, 3, 3, 0, 0, 3, 3, 3, 0, 3, 3, 0, 0, 3, 0, 3, 3, 3, 0, 3, 0, 2, 3, 3, 3, 3, 3, 0, 3, 3, 0, 3, 3, 3, 3, 3, 0, 3, 3, 3, 3, 0, 3, 3, 3, 3, 0, 3, 3, 3, 3, 0, 3, 3, 3, 3, 3, 3, 3, 3, 3, 3, 3, 3, 3, 3, 3, 3, 3, 3, 3)
c4_todos_geral <- c(2, 0, 2, 2, 2, 2, 2, 2, 2, 0, 0, 2, 2, 2, 0, 2, 2, 0, 0, 2, 0, 2, 3, 3, 0, 3, 0, 2, 2, 2, 2, 3, 2, 0, 3, 2, 0, 2, 3, 3, 2, 2, 0, 3, 2, 3, 2, 0, 2, 2, 2, 2, 0, 3, 2, 2, 2, 0, 2, 2, 2, 2, 2, 2, 2, 2, 2, 2, 2, 2, 2, 2, 2, 2, 2, 2, 2)
c5_todos_geral <- c(3, 1, 3, 3, 0, 3, 0, 0, 3, 3, 0, 3, 3, 3, 3, 3, 3, 1, 3, 3, 3, 0, 3, 3, 3, 3, 0, 3, 3, 3, 3, 3, 3, 0, 3, 3, 3, 3, 3, 1, 3, 0, 3, 3, 0, 0, 3, 3, 3, 3, 3, 3, 3, 3, 3, 3, 3, 3, 3, 3, 3, 3, 1, 3, 3, 3, 3, 3, 3, 3, 3, 3, 3, 3, 3, 3, 3)
c6_todos_geral <- c(3, 3, 3, 1, 0, 3, 0, 0, 1, 3, 0, 3, 3, 3, 3, 3, 3, 1, 3, 3, 3, 0, 3, 3, 1, 3, 0, 3, 3, 3, 3, 3, 3, 0, 3, 3, 3, 3, 3, 1, 3, 0, 1, 3, 0, 0, 3, 3, 3, 3, 3, 3, 3, 3, 3, 3, 3, 3, 3, 3, 3, 3, 3, 3, 3, 3, 3, 3, 3, 3, 3, 3, 3, 3, 3, 3, 3)
c7_todos_geral <- c(2, 0, 1, 1, 0, 2, 0, 0, 1, 0, 1, 3, 3, 3, 2, 2, 3, 3, 0, 1, 2, 2, 3, 3, 1, 3, 0, 2, 3, 3, 3, 3, 3, 0, 1, 3, 3, 2, 2, 1, 2, 0, 2, 0, 1, 0, 0, 2, 3, 3, 3, 1, 3, 3, 3, 3, 2, 3, 1, 3, 3, 1, 3, 1, 3, 1, 3, 3, 2, 3, 3, 3, 3, 3, 3, 3, 2)
c8_todos_geral <- c(3, 0, 1, 1, 0, 3, 0, 0, 1, 0, 1, 3, 3, 3, 3, 3, 3, 3, 0, 3, 3, 1, 3, 3, 3, 3, 0, 3, 3, 3, 3, 3, 3, 0, 3, 3, 3, 3, 3, 1, 3, 0, 3, 0, 3, 0, 0, 3, 3, 3, 3, 1, 3, 3, 3, 3, 3, 3, 3, 3, 3, 3, 3, 3, 3, 3, 3, 3, 1, 3, 1, 3, 3, 3, 3, 3, 3)
