#female low ses 22e23
c1_female_low_ses <- c(1, 2, 2, 1, 2, 1, 2, 1, 1, 1, 1, 2, 2, 1, 1, 1, 1, 1, 2, 2, 1, 3, 1, 2, 3, 1, 1, 1, 3, 1, 1, 1, 3, 3, 1, 2, 1, 3, 3, 3, 3, 3, 1, 2, 3, 3, 2, 1, 1, 1, 1, 1, 1, 2, 2, 2, 2, 2, 3, 2, 2, 3, 3, 3, 1, 1, 1, 1)
c2_female_low_ses <- c(3, 2, 2, 2, 3, 2, 2, 1, 2, 2, 2, 2, 2, 2, 3, 2, 2, 2, 2, 2, 2, 3, 2, 2, 2, 2, 2, 2, 3, 2, 2, 1, 2, 2, 2, 3, 3, 2, 1, 1, 3, 1, 3, 2, 3, 1, 2, 3, 3, 2, 3, 3, 2, 3, 2, 2, 2, 2, 2, 2, 2, 3, 2, 3, 2, 2, 2, 3)
c3_female_low_ses <- c(3, 2, 3, 3, 3, 3, 3, 3, 3, 3, 2, 3, 3, 3, 3, 3, 3, 3, 3, 3, 3, 3, 3, 3, 3, 3, 3, 2, 3, 3, 3, 3, 3, 3, 3, 3, 3, 3, 3, 2, 2, 2, 3, 3, 3, 3, 3, 3, 3, 3, 3, 3, 3, 3, 3, 3, 3, 3, 3, 3, 3, 3, 3, 3, 3, 3, 3, 3)
c4_female_low_ses <- c(2, 2, 2, 2, 2, 2, 2, 2, 3, 2, 2, 2, 3, 2, 2, 2, 2, 2, 2, 2, 2, 2, 2, 2, 2, 2, 2, 2, 2, 2, 2, 2, 2, 2, 2, 2, 3, 2, 2, 2, 2, 2, 2, 2, 2, 3, 2, 2, 2, 2, 2, 2, 2, 2, 2, 2, 2, 2, 2, 2, 2, 2, 2, 2, 2, 2, 2, 2)
c5_female_low_ses <- c(3, 3, 3, 3, 3, 3, 3, 1, 3, 3, 3, 3, 3, 1, 3, 3, 3, 3, 3, 3, 3, 3, 3, 3, 3, 3, 3, 3, 3, 3, 3, 3, 3, 3, 3, 3, 3, 1, 3, 3, 3, 3, 3, 3, 3, 3, 3, 3, 3, 3, 3, 3, 3, 3, 3, 3, 3, 3, 3, 3, 3, 3, 3)
c6_female_low_ses <- c(3, 3, 3, 3, 3, 3, 3, 1, 3, 3, 3, 1, 3, 3, 3, 3, 3, 3, 3, 3, 3, 3, 3, 3, 3, 3, 1, 3, 3, 3, 3, 3, 3, 3, 3, 3, 3, 3, 3, 3, 1, 3, 3, 3, 3, 3, 3, 1, 1, 3, 3, 3, 3, 3, 3, 3, 3, 3, 3, 3, 3, 3, 3)
c7_female_low_ses <- c(2, 1, 3, 2, 1, 1, 2, 1, 1, 1, 3, 1, 1, 1, 1, 3, 1, 3, 2, 3, 2, 3, 3, 2, 1, 1, 3, 1, 3, 1, 3, 1, 1, 1, 1, 2, 2, 3, 2, 1, 3, 3, 2, 1, 1, 1, 2, 3, 3, 2, 3, 3, 1, 1, 1, 1, 2, 2, 1, 3)
c8_female_low_ses <- c(3, 3, 3, 1, 3, 3, 1, 1, 3, 3, 3, 1, 3, 3, 3, 3, 3, 3, 3, 3, 3, 3, 3, 3, 3, 1, 3, 3, 3, 3, 3, 3, 3, 3, 3, 3, 1, 3, 3, 3, 3, 3, 1, 3, 3, 1, 3, 3, 3, 3, 3, 3, 3, 3, 3, 3, 1, 3, 3, 3)
c9_female_low_ses <- c(2, 2, 3, 2, 2, 1, 2, 2, 1, 1, 2, 3, 2, 1, 1, 1, 2, 1, 2, 3, 2, 3, 2, 2, 1, 2, 1, 3, 3, 3, 2, 1, 3, 2, 3, 2, 3, 1, 2, 1, 2, 2, 3, 2, 2, 2, 2, 1, 3, 3, 1, 3, 3, 3, 2, 1)
c10_female_low_ses <- c(2, 3, 3, 3, 2, 2, 1, 3, 2, 3, 2, 3, 2, 3, 2, 2, 2, 2, 2, 1, 3, 1, 3, 2, 2, 2, 2, 2, 3, 2, 2, 2, 2, 3, 3, 2, 2, 2, 2, 2, 1, 1, 2, 1, 3, 2, 2, 2, 2, 2, 3, 2, 3, 3, 1, 2)
c11_female_low_ses <- c(1, 3, 3, 3, 1, 3, 3, 1, 3, 1, 3, 3, 3, 3, 1, 1, 3, 3, 3, 3, 3, 1, 3, 3, 1, 1, 3, 3, 3, 1, 1, 1, 1, 3, 1, 1, 3, 3, 1, 1, 1, 1, 3, 3, 3, 1, 3, 3, 3, 3, 3, 1, 3, 3, 3, 3)
c12_female_low_ses <- c(3, 3, 1, 3, 3, 1, 3, 1, 3, 1, 3, 3, 1, 3, 1, 3, 3, 3, 3, 1, 3, 1, 3, 1, 3, 3, 3, 3, 3, 3, 3, 3, 3, 1, 1, 3, 3, 3, 3, 1, 1, 1, 1, 1, 3, 3, 3, 3, 1, 3, 3, 3, 3, 1, 3, 3)

for (i in 1:12) {
  vetor_nome <- paste0("c", i, "_female_low_ses")
  tamanho <- length(get(vetor_nome))
  cat("O tamanho de", vetor_nome, "é", tamanho, "\n")
}

#tira os zeros
for (i in 1:12) {
  # Cria o nome do vetor
  vetor_nome <- paste0("c", i, "_female_low_ses")
  # Obtém o vetor
  vetor_atual <- get(vetor_nome)
  # Filtra para remover os zeros
  vetor_atual <- vetor_atual[vetor_atual != 0]
  # Atribui o vetor filtrado de volta ŕ variável
  assign(vetor_nome, vetor_atual)
  # Imprime o tamanho do vetor atualizado
  tamanho <- length(vetor_atual)
  cat("O tamanho de", vetor_nome, "após remover os zeros é", tamanho, "\n")
}

for (i in 1:12) {
  vetor_nome <- paste0("c", i, "_female_low_ses")
  tamanho <- length(get(vetor_nome))
  cat("O tamanho de", vetor_nome, "é", tamanho, "\n")
}

#calculo de quantos 1, 2 e 3 tem:
# Contar a frequęncia dos números 1, 2 e 3 para cada vetor
for (i in 1:12) {
  # Cria o nome do vetor
  vetor_nome <- paste0("c", i, "_female_low_ses")
  # Obtém o vetor
  vetor_atual <- get(vetor_nome)
  # Conta a frequęncia dos números
  contagem <- table(vetor_atual)
  # Imprime a contagem
  cat("Contagem para", vetor_nome, ":\n")
  print(contagem)
  cat("\n")
}


#calcular a mediana para cada criterio
mediana_resultados <- c()

for (i in 1:12) {
  vetor_nome <- paste0("c", i, "_female_low_ses")
  vetor_atual <- get(vetor_nome)
  mediana <- median(vetor_atual)
  mediana_resultados <- c(mediana_resultados, mediana)
  cat("A mediana de", vetor_nome, "é", mediana, "\n")
}

#NOTA 0-10 cada criterio
# Lista dos sufixos de colunas
sufixos <- paste0("c", 1:12, "_female_low_ses")

# Inicialize um data.frame vazio para armazenar os resultados
results <- data.frame()

# Loop por todos os sufixos
for(sufixo in sufixos){
  
  # Extrair a variável
  data <- get(sufixo)
  
  # Calcular média ponderada
  divisor <- (sum(data == 3) * 3) + (sum(data == 2) * 2) + (sum(data == 1) * 1)
  dividendo <- length(data) * 3
  media_ponderada <- divisor / dividendo
  
  # Adicionar ao data.frame de resultados
  results <- rbind(results, data.frame(criterio = sufixo, media_ponderada = media_ponderada * 10))
}

# Mostrar os resultados
print(results)

# Gráfico das médias ponderadas
library(ggplot2)

# Converter criterio em fator ordenado
results$criterio <- factor(results$criterio, levels = paste0("c", 1:12, "_female_low_ses"))

# Criar um gráfico de barras das médias ponderadas
ggplot(results, aes(x = criterio, y = media_ponderada, fill = criterio)) +
  geom_bar(stat = "identity", position = "dodge") +
  geom_text(aes(label = round(media_ponderada, 2)), vjust = -0.3, position = position_dodge(0.9), size = 3) +
  labs(title = "Média Ponderada por Critério", x = "Critério", y = "Média Ponderada (0-10)") +
  theme(axis.text.x = element_text(angle = 45, hjust = 1))
#-----------------------------------------------------#
#--------------------------MALE-----------------------#
#-----------------------------------------------------#
#male low ses 22e23
c1_male_low_ses <- c(3, 1, 1, 1, 1, 1, 1, 1, 1, 1, 3, 1, 2, 1, 2, 1, 2, 1, 1, 1, 2, 1, 1, 1, 1, 1, 2, 1, 1, 1, 1, 2, 1, 3, 3, 2, 2, 1, 3, 3, 2, 1, 2, 1, 2, 2, 3, 1, 1, 1, 1, 3, 1, 1, 3, 1, 2, 1, 2, 2, 1, 3, 1, 1, 1, 1)
c2_male_low_ses <- c(3, 2, 2, 2, 2, 2, 2, 2, 2, 2, 3, 2, 2, 2, 3, 1, 2, 2, 2, 3, 2, 2, 2, 3, 2, 3, 2, 3, 2, 2, 2, 3, 2, 3, 3, 2, 2, 2, 3, 3, 3, 2, 2, 2, 2, 2, 2, 3, 2, 2, 2, 3, 2, 2, 3, 2, 3, 2, 3, 2, 2, 3, 3, 2, 3, 2)
c3_male_low_ses <- c(3, 3, 3, 3, 3, 3, 2, 3, 3, 3, 3, 3, 3, 3, 3, 3, 3, 3, 3, 3, 3, 3, 2, 3, 3, 3, 3, 3, 3, 3, 2, 3, 3, 2, 3, 3, 3, 3, 3, 2, 3, 3, 2, 3, 3, 3, 3, 3, 3, 3, 3, 3, 3, 3, 3, 3, 3, 3, 3, 3, 3, 3, 3, 3, 3, 3)
c4_male_low_ses <- c(2, 2, 2, 2, 2, 2, 2, 2, 2, 2, 2, 2, 2, 2, 2, 2, 2, 2, 2, 2, 2, 2, 2, 2, 2, 2, 2, 2, 2, 2, 2, 2, 2, 2, 2, 2, 2, 2, 2, 2, 2, 2, 2, 2, 2, 2, 2, 2, 2, 2, 2, 2, 2, 2, 2, 2, 2, 2, 2, 2, 2, 2, 2, 2, 2, 2)
c5_male_low_ses <- c(3, 3, 3, 3, 3, 3, 3, 3, 3, 3, 3, 3, 1, 3, 3, 1, 3, 3, 3, 1, 3, 3, 3, 3, 3, 3, 3, 3, 3, 3, 3, 1, 3, 3, 1, 3, 3, 3, 3, 3, 1, 3, 3, 3, 3, 3, 3, 3, 3, 3, 3, 3, 3, 1, 1, 3, 3, 3, 3, 3, 3, 3, 3)
c6_male_low_ses <- c(1, 3, 3, 3, 3, 3, 3, 3, 3, 3, 3, 1, 3, 1, 3, 1, 3, 3, 3, 1, 3, 3, 3, 1, 3, 1, 3, 3, 3, 3, 3, 3, 3, 3, 1, 3, 3, 3, 3, 3, 3, 3, 3, 3, 3, 3, 3, 3, 3, 3, 3, 3, 3, 3, 3, 3, 3, 1, 3, 3, 3, 3, 3)
c7_male_low_ses <- c(1, 2, 3, 1, 2, 3, 2, 1, 1, 1, 1, 3, 1, 3, 1, 2, 2, 3, 1, 3, 1, 1, 2, 1, 3, 1, 3, 2, 1, 1, 2, 1, 1, 1, 1, 1, 2, 1, 3, 1, 1, 3, 3, 1, 1, 1, 3, 2, 1, 1, 3, 1, 2, 1, 2, 3, 1, 3, 1, 1, 3, 1)
c8_male_low_ses <- c(3, 3, 3, 3, 3, 3, 3, 3, 3, 3, 3, 3, 3, 3, 3, 3, 3, 3, 1, 3, 3, 3, 1, 3, 3, 3, 3, 1, 3, 3, 3, 3, 3, 3, 1, 3, 3, 3, 3, 3, 3, 3, 3, 3, 3, 3, 3, 3, 3, 3, 3, 3, 1, 3, 3, 3, 3, 3, 3, 3, 3, 3)
c9_male_low_ses <- c(1, 1, 1, 2, 2, 1, 2, 3, 1, 2, 2, 3, 3, 3, 1, 3, 3, 3, 2, 1, 2, 2, 2, 2, 2, 2, 3, 3, 1, 2, 2, 2, 2, 3, 2, 3, 2, 3, 2, 3, 3, 1, 3, 2, 2, 2, 2, 3, 1, 3, 2, 2, 3, 1, 3, 3, 3, 2, 3, 2, 3)
c10_male_low_ses <- c(2, 2, 3, 2, 3, 2, 2, 2, 3, 1, 2, 2, 3, 3, 2, 2, 3, 2, 3, 2, 1, 2, 3, 3, 1, 2, 2, 1, 2, 1, 2, 2, 2, 2, 3, 2, 2, 3, 3, 3, 2, 3, 2, 3, 2, 2, 2, 2, 3, 2, 3, 1, 2, 3, 2, 3, 3, 2, 3, 2, 2, 2)
c11_male_low_ses <- c(3, 1, 3, 3, 1, 3, 3, 3, 3, 3, 1, 1, 1, 3, 1, 3, 3, 3, 3, 3, 1, 3, 3, 3, 3, 3, 3, 3, 1, 3, 1, 3, 3, 1, 3, 3, 1, 3, 3, 3, 3, 3, 1, 3, 3, 1, 1, 1, 3, 3, 3, 1, 1, 3, 1, 3, 1, 3, 3, 1, 1, 1)
