#######################RUBRICAS########################
#NO GOOGLE SHEET =JOIN(", ", M620:M694)
#=JOIN(", ", ARRAYFORMULA(TEXT(M620:M694, "#")))
#=JOIN(", ", FILTER(U2:U87, U2:U87 <> "", U2:U87 <> "-"))

#TODOS GERAL vetores rubrica para todos_geral REVER
c1_todos_geral <- c(3, 0, 3, 3, 3, 1, 1, 3, 3, 0, 0, 1, 1, 1, 0, 1, 3, 0, 0, 1, 0, 2, 2, 2, 0, 2, 0, 3, 3, 3, 3, 2, 1, 0, 1, 3, 0, 1, 1, 1, 3, 3, 0, 2, 3, 1, 3, 0, 3, 1, 3, 1, 0, 1, 2, 2, 3, 0, 3, 2, 3, 3, 2, 1, 1, 1, 2, 1, 3, 1, 3, 2, 3, 2, 3, 3, 3)
c2_todos_geral <- c(3, 0, 3, 2, 3, 2, 2, 3, 3, 0, 0, 2, 2, 3, 0, 3, 2, 0, 0, 2, 0, 3, 2, 2, 0, 2, 0, 3, 3, 3, 3, 3, 2, 0, 3, 3, 0, 2, 2, 2, 2, 3, 0, 2, 3, 3, 3, 0, 3, 3, 3, 1, 0, 3, 2, 3, 3, 0, 3, 3, 3, 3, 3, 3, 2, 2, 2, 2, 3, 2, 3, 2, 3, 3, 3, 3, 3)
c3_todos_geral <- c(3, 0, 3, 3, 3, 3, 3, 3, 3, 0, 0, 3, 3, 3, 0, 3, 3, 0, 0, 3, 0, 3, 3, 3, 0, 3, 0, 2, 3, 3, 3, 3, 3, 0, 3, 3, 0, 3, 3, 3, 3, 3, 0, 3, 3, 3, 3, 0, 3, 3, 3, 3, 0, 3, 3, 3, 3, 0, 3, 3, 3, 3, 3, 3, 3, 3, 3, 3, 3, 3, 3, 3, 3, 3, 3, 3, 3)
c4_todos_geral <- c(2, 0, 2, 2, 2, 2, 2, 2, 2, 0, 0, 2, 2, 2, 0, 2, 2, 0, 0, 2, 0, 2, 3, 3, 0, 3, 0, 2, 2, 2, 2, 3, 2, 0, 3, 2, 0, 2, 3, 3, 2, 2, 0, 3, 2, 3, 2, 0, 2, 2, 2, 2, 0, 3, 2, 2, 2, 0, 2, 2, 2, 2, 2, 2, 2, 2, 2, 2, 2, 2, 2, 2, 2, 2, 2, 2, 2)
c5_todos_geral <- c(3, 1, 3, 3, 0, 3, 0, 0, 3, 3, 0, 3, 3, 3, 3, 3, 3, 1, 3, 3, 3, 0, 3, 3, 3, 3, 0, 3, 3, 3, 3, 3, 3, 0, 3, 3, 3, 3, 3, 1, 3, 0, 3, 3, 0, 0, 3, 3, 3, 3, 3, 3, 3, 3, 3, 3, 3, 3, 3, 3, 3, 3, 1, 3, 3, 3, 3, 3, 3, 3, 3, 3, 3, 3, 3, 3, 3)
c6_todos_geral <- c(3, 3, 3, 1, 0, 3, 0, 0, 1, 3, 0, 3, 3, 3, 3, 3, 3, 1, 3, 3, 3, 0, 3, 3, 1, 3, 0, 3, 3, 3, 3, 3, 3, 0, 3, 3, 3, 3, 3, 1, 3, 0, 1, 3, 0, 0, 3, 3, 3, 3, 3, 3, 3, 3, 3, 3, 3, 3, 3, 3, 3, 3, 3, 3, 3, 3, 3, 3, 3, 3, 3, 3, 3, 3, 3, 3, 3)
c7_todos_geral <- c(2, 0, 1, 1, 0, 2, 0, 0, 1, 0, 1, 3, 3, 3, 2, 2, 3, 3, 0, 1, 2, 2, 3, 3, 1, 3, 0, 2, 3, 3, 3, 3, 3, 0, 1, 3, 3, 2, 2, 1, 2, 0, 2, 0, 1, 0, 0, 2, 3, 3, 3, 1, 3, 3, 3, 3, 2, 3, 1, 3, 3, 1, 3, 1, 3, 1, 3, 3, 2, 3, 3, 3, 3, 3, 3, 3, 2)
c8_todos_geral <- c(3, 0, 1, 1, 0, 3, 0, 0, 1, 0, 1, 3, 3, 3, 3, 3, 3, 3, 0, 3, 3, 1, 3, 3, 3, 3, 0, 3, 3, 3, 3, 3, 3, 0, 3, 3, 3, 3, 3, 1, 3, 0, 3, 0, 3, 0, 0, 3, 3, 3, 3, 1, 3, 3, 3, 3, 3, 3, 3, 3, 3, 3, 3, 3, 3, 3, 3, 3, 1, 3, 1, 3, 3, 3, 3, 3, 3)
c9_todos_geral <- c(1, 0, 3, 2, 0, 1, 0, 0, 1, 1, 2, 2, 2, 0, 3, 2, 3, 2, 1, 2, 2, 2, 3, 3, 2, 3, 2, 2, 2, 2, 3, 3, 2, 2, 1, 2, 2, 1, 1, 2, 1, 0, 2, 1, 2, 2, 3, 2, 3, 2, 3, 2, 2, 3, 2, 0, 2, 3, 2, 3, 3, 1, 2, 2, 1, 2, 3, 3, 1, 2, 1, 3, 3, 2, 1, 2, 3)
c10_todos_geral <- c(3, 3, 3, 3, 0, 3, 0, 0, 3, 3, 3, 3, 3, 3, 3, 3, 3, 3, 3, 3, 3, 3, 3, 3, 3, 3, 3, 3, 3, 3, 0, 3, 3, 3, 3, 3, 3, 3, 3, 3, 3, 3, 3, 3, 0, 2, 3, 3, 3, 3, 3, 2, 3, 3, 3, 3, 3, 3, 3, 3, 3, 3, 3, 3, 3, 0, 3, 3, 3, 3, 0, 3, 3, 3, 3, 3, 3)
c11_todos_geral <- c(1, 1, 3, 3, 0, 1, 0, 0, 1, 1, 3, 1, 3, 3, 3, 3, 1, 3, 3, 3, 1, 3, 3, 1, 1, 3, 1, 1, 3, 1, 0, 3, 3, 1, 3, 3, 1, 3, 3, 3, 1, 1, 3, 3, 0, 1, 1, 1, 1, 1, 3, 3, 3, 3, 1, 1, 3, 3, 1, 1, 3, 1, 3, 3, 3, 0, 3, 3, 3, 3, 0, 3, 3, 3, 1, 1, 3)
c12_todos_geral <- c(1, 3, 3, 3, 0, 3, 0, 0, 1, 3, 3, 1, 3, 3, 3, 3, 1, 3, 3, 3, 3, 3, 1, 1, 1, 1, 3, 1, 3, 1, 0, 3, 3, 3, 3, 3, 3, 3, 3, 3, 3, 3, 1, 1, 0, 1, 1, 1, 1, 3, 1, 1, 1, 3, 3, 3, 3, 3, 3, 3, 3, 1, 3, 3, 3, 0, 3, 3, 1, 3, 0, 3, 3, 3, 3, 3, 3)

# Loop sobre c1 a c12
for (i in 1:12) {
  # Obter os vetores para cada c*
  todos_geral <- get(paste("c", i, "_todos_geral", sep = ""))
  
  # Remover os zeros
  todos_geral <- todos_geral[todos_geral != 0]
  
  # Atribuir o novo vetor (sem zeros) ŕ variável original
  assign(paste("c", i, "_todos_geral", sep = ""), todos_geral)
}
print(c1_todos_geral)
length(c2_todos_geral)

for (i in 1:12) {
  vetor_nome <- paste0("c", i, "_todos_geral")
  tamanho <- length(get(vetor_nome))
  cat("O tamanho de", vetor_nome, "é", tamanho, "\n")
}

# Agora, 'quantidades' é uma lista que contém a quantidade de elementos năo-zero para cada vetor


#FEMALE GERAL vetores rubrica para cx_female_geral
#=JOIN(", ", FILTER(H247:H322, H247:H322 <> "", H247:H322 <> "-"))

c1_female_geral <- c(3, 3, 0, 0, 1, 0, 0, 3, 1, 1, 1, 3, 0, 3, 1, 2, 3, 3, 1, 2, 1, 3)
c2_female_geral <- c(3, 3, 0, 0, 2, 0, 0, 3, 2, 2, 2, 3, 0, 3, 1, 3, 3, 3, 3, 2, 2, 3)
c3_female_geral <- c(3, 3, 0, 0, 3, 0, 0, 3, 3, 3, 3, 3, 0, 3, 3, 3, 3, 3, 3, 3, 3, 3)
c4_female_geral <- c(2, 2, 0, 0, 2, 0, 0, 2, 2, 3, 3, 2, 0, 2, 2, 2, 2, 2, 2, 2, 2, 2)
c5_female_geral <- c(3, 0, 3, 0, 3, 3, 1, 3, 3, 3, 1, 0, 3, 3, 3, 3, 3, 3, 3, 3, 3, 3)
c6_female_geral <- c(3, 0, 3, 0, 3, 3, 1, 3, 3, 3, 1, 0, 1, 3, 3, 3, 3, 3, 3, 3, 3, 3)
c7_female_geral <- c(2, 0, 0, 1, 3, 2, 3, 3, 2, 2, 1, 0, 2, 3, 1, 3, 2, 1, 1, 3, 3, 3)
c8_female_geral <- c(3, 0, 0, 1, 3, 3, 3, 3, 3, 3, 1, 0, 3, 3, 1, 3, 3, 3, 3, 3, 3, 3)
c9_female_geral <- c(1, 0, 1, 2, 2, 3, 2, 3, 1, 1, 2, 0, 2, 3, 2, 0, 2, 1, 2, 3, 2, 1)
c10_female_geral <- c(3, 0, 3, 3, 3, 3, 3, 0, 3, 3, 3, 3, 3, 3, 2, 3, 3, 3, 3, 3, 3, 3)
c11_female_geral <- c(1, 0, 1, 3, 1, 3, 3, 0, 3, 3, 3, 1, 3, 1, 3, 1, 3, 1, 3, 3, 3, 1)
c12_female_geral <- c(1, 0, 3, 3, 1, 3, 3, 0, 3, 3, 3, 3, 1, 1, 1, 3, 3, 1, 3, 3, 3, 3)


# Loop sobre c1 a c12
for (i in 1:12) {
  # Obter os vetores para cada c*
  female_geral <- get(paste("c", i, "_female_geral", sep = ""))
  
  # Remover os zeros
  female_geral <- female_geral[female_geral != 0]
  
  # Atribuir o novo vetor (sem zeros) ŕ variável original
  assign(paste("c", i, "_female_geral", sep = ""), female_geral)
}
print(c1_female_geral)
length(c1_female_geral)

for (i in 1:12) {
  vetor_nome <- paste0("c", i, "_female_geral")
  tamanho <- length(get(vetor_nome))
  cat("O tamanho de", vetor_nome, "é", tamanho, "\n")
}



#MALE GERAL vetores rubrica para cx_male_geral
c1_male_geral <- c(0, 3, 3, 3, 1, 1, 3, 1, 1, 1, 3, 0, 1, 0, 2, 2, 2, 0, 2, 0, 3, 3, 3, 2, 1, 0, 1, 3, 0, 3, 2, 3, 1, 3, 0, 1, 3, 0, 1, 2, 0, 3, 2, 3, 2, 1, 1, 1, 3, 3, 2, 3, 2, 3, 3)
c2_male_geral <- c(0, 3, 2, 3, 2, 2, 3, 2, 3, 3, 2, 0, 2, 0, 3, 2, 2, 0, 2, 0, 3, 3, 3, 3, 2, 0, 3, 3, 0, 2, 2, 3, 3, 3, 0, 3, 3, 0, 3, 2, 0, 3, 3, 3, 3, 2, 2, 2, 3, 3, 2, 3, 3, 3, 3)
c3_male_geral <- c(0, 3, 3, 3, 3, 3, 3, 3, 3, 3, 3, 0, 3, 0, 3, 3, 3, 0, 3, 0, 2, 3, 3, 3, 3, 0, 3, 3, 0, 3, 3, 3, 3, 3, 0, 3, 3, 0, 3, 3, 0, 3, 3, 3, 3, 3, 3, 3, 3, 3, 3, 3, 3, 3, 3)
c4_male_geral <- c(0, 2, 2, 2, 2, 2, 2, 2, 2, 2, 2, 0, 2, 0, 2, 3, 3, 0, 3, 0, 2, 2, 2, 3, 2, 0, 3, 2, 0, 2, 3, 2, 3, 2, 0, 2, 2, 0, 3, 2, 0, 2, 2, 2, 2, 2, 2, 2, 2, 2, 2, 2, 2, 2, 2)
c5_male_geral <- c(1, 3, 3, 0, 3, 0, 3, 3, 3, 3, 3, 3, 3, 3, 0, 3, 3, 3, 3, 0, 3, 3, 3, 3, 3, 0, 3, 3, 3, 3, 3, 0, 0, 3, 3, 3, 3, 3, 3, 3, 3, 3, 3, 3, 1, 3, 3, 3, 3, 3, 3, 3, 3, 3, 3)
c6_male_geral <- c(3, 3, 1, 0, 3, 0, 1, 3, 3, 3, 3, 3, 3, 3, 0, 3, 3, 1, 3, 0, 3, 3, 3, 3, 3, 0, 3, 3, 3, 3, 3, 0, 0, 3, 3, 3, 3, 3, 3, 3, 3, 3, 3, 3, 3, 3, 3, 3, 3, 3, 3, 3, 3, 3, 3)
c7_male_geral <- c(0, 1, 1, 0, 2, 0, 1, 3, 3, 2, 3, 0, 1, 2, 2, 3, 3, 1, 3, 0, 2, 3, 3, 3, 3, 0, 1, 3, 3, 2, 0, 1, 0, 0, 2, 3, 3, 3, 3, 3, 3, 1, 3, 3, 3, 3, 1, 3, 2, 3, 3, 3, 3, 3, 2)
c8_male_geral <- c(0, 1, 1, 0, 3, 0, 1, 3, 3, 3, 3, 0, 3, 3, 1, 3, 3, 3, 3, 0, 3, 3, 3, 3, 3, 0, 3, 3, 3, 3, 0, 3, 0, 0, 3, 3, 3, 3, 3, 3, 3, 3, 3, 3, 3, 3, 3, 3, 1, 1, 3, 3, 3, 3, 3)
c9_male_geral <- c(0, 3, 2, 0, 1, 0, 1, 2, 0, 2, 3, 1, 2, 2, 2, 3, 3, 2, 3, 2, 2, 2, 2, 3, 2, 2, 1, 2, 2, 1, 1, 2, 2, 3, 2, 2, 3, 2, 3, 2, 3, 2, 3, 3, 2, 1, 2, 3, 1, 1, 3, 3, 2, 2, 3)
c10_male_geral <- c(3, 3, 3, 0, 3, 0, 3, 3, 3, 3, 3, 3, 3, 3, 3, 3, 3, 3, 3, 3, 3, 3, 3, 3, 3, 3, 3, 3, 3, 3, 3, 0, 2, 3, 3, 3, 3, 3, 3, 3, 3, 3, 3, 3, 3, 3, 0, 3, 3, 0, 3, 3, 3, 3, 3)
c11_male_geral <- c(1, 3, 3, 0, 1, 0, 1, 3, 3, 3, 1, 3, 3, 1, 3, 3, 1, 1, 3, 1, 1, 3, 1, 3, 3, 1, 3, 3, 1, 1, 3, 0, 1, 1, 1, 1, 3, 3, 3, 1, 3, 1, 1, 3, 3, 3, 0, 3, 3, 0, 3, 3, 3, 1, 3)
